userid;bussines_u;overall_sat_scale;overall_sat_binary;stay_customer;buy_again;rec_product;sat_reliablility;sat_handling;sat_transparency;sat_flexibility;sat_presentation;sat_uptodateness;sat_regular_visits;sat_price;sat_seriousness;PRE_1;PGR_1
1.000000000000;1.000000000000;5.000000000000;0.000000000000;5.000000000000;4.000000000000;5.000000000000;6.000000000000;4.000000000000;4.000000000000;4.000000000000;4.000000000000;4.000000000000;3.000000000000;3.000000000000;5.000000000000;0.186507712511;0.000000000000
2.000000000000;1.000000000000;5.000000000000;0.000000000000;4.000000000000;3.000000000000;4.000000000000;5.000000000000;4.000000000000;7.000000000000;5.000000000000;3.000000000000;;1.000000000000;5.000000000000;7.000000000000;;
2.000000000000;1.000000000000;5.000000000000;0.000000000000;5.000000000000;5.000000000000;5.000000000000;5.000000000000;5.000000000000;6.000000000000;4.000000000000;5.000000000000;;5.000000000000;6.000000000000;6.000000000000;;
3.000000000000;1.000000000000;6.000000000000;1.000000000000;6.000000000000;6.000000000000;6.000000000000;7.000000000000;6.000000000000;;;5.000000000000;;6.000000000000;;6.000000000000;;
4.000000000000;1.000000000000;4.000000000000;0.000000000000;6.000000000000;6.000000000000;6.000000000000;5.000000000000;2.000000000000;4.000000000000;3.000000000000;6.000000000000;6.000000000000;4.000000000000;3.000000000000;6.000000000000;0.210080544416;0.000000000000
4.000000000000;1.000000000000;2.000000000000;0.000000000000;3.000000000000;3.000000000000;3.000000000000;;5.000000000000;4.000000000000;;4.000000000000;;5.000000000000;5.000000000000;3.000000000000;;
5.000000000000;1.000000000000;6.000000000000;1.000000000000;6.000000000000;6.000000000000;6.000000000000;6.000000000000;7.000000000000;6.000000000000;6.000000000000;6.000000000000;6.000000000000;6.000000000000;4.000000000000;6.000000000000;0.925601972782;1.000000000000
5.000000000000;1.000000000000;5.000000000000;0.000000000000;4.000000000000;6.000000000000;6.000000000000;;;6.000000000000;;6.000000000000;;;4.000000000000;;;
6.000000000000;1.000000000000;6.000000000000;1.000000000000;4.000000000000;5.000000000000;6.000000000000;6.000000000000;5.000000000000;5.000000000000;5.000000000000;4.000000000000;4.000000000000;5.000000000000;2.000000000000;6.000000000000;0.291831240239;0.000000000000
7.000000000000;1.000000000000;3.000000000000;0.000000000000;3.000000000000;3.000000000000;4.000000000000;4.000000000000;5.000000000000;4.000000000000;6.000000000000;4.000000000000;4.000000000000;3.000000000000;4.000000000000;3.000000000000;0.007662691407;0.000000000000
7.000000000000;1.000000000000;3.000000000000;0.000000000000;4.000000000000;3.000000000000;4.000000000000;4.000000000000;5.000000000000;4.000000000000;5.000000000000;4.000000000000;4.000000000000;3.000000000000;3.000000000000;5.000000000000;0.012719875211;0.000000000000
8.000000000000;1.000000000000;6.000000000000;1.000000000000;3.000000000000;4.000000000000;3.000000000000;6.000000000000;6.000000000000;5.000000000000;4.000000000000;5.000000000000;;4.000000000000;1.000000000000;7.000000000000;;
8.000000000000;1.000000000000;7.000000000000;1.000000000000;5.000000000000;5.000000000000;5.000000000000;6.000000000000;6.000000000000;5.000000000000;5.000000000000;3.000000000000;;4.000000000000;6.000000000000;7.000000000000;;
9.000000000000;1.000000000000;6.000000000000;1.000000000000;7.000000000000;7.000000000000;7.000000000000;7.000000000000;6.000000000000;5.000000000000;7.000000000000;7.000000000000;7.000000000000;7.000000000000;6.000000000000;7.000000000000;0.996693439867;1.000000000000
9.000000000000;1.000000000000;3.000000000000;0.000000000000;1.000000000000;1.000000000000;1.000000000000;2.000000000000;2.000000000000;3.000000000000;4.000000000000;3.000000000000;2.000000000000;2.000000000000;5.000000000000;5.000000000000;0.000125575717;0.000000000000
10.000000000000;1.000000000000;4.000000000000;0.000000000000;5.000000000000;4.000000000000;5.000000000000;6.000000000000;5.000000000000;5.000000000000;5.000000000000;6.000000000000;4.000000000000;4.000000000000;3.000000000000;4.000000000000;0.703537260990;1.000000000000
10.000000000000;1.000000000000;5.000000000000;0.000000000000;5.000000000000;5.000000000000;5.000000000000;5.000000000000;2.000000000000;5.000000000000;3.000000000000;5.000000000000;4.000000000000;4.000000000000;5.000000000000;4.000000000000;0.089581377699;0.000000000000
11.000000000000;1.000000000000;5.000000000000;0.000000000000;5.000000000000;5.000000000000;6.000000000000;5.000000000000;5.000000000000;6.000000000000;5.000000000000;5.000000000000;6.000000000000;3.000000000000;3.000000000000;6.000000000000;0.267275255835;0.000000000000
11.000000000000;1.000000000000;5.000000000000;0.000000000000;5.000000000000;4.000000000000;5.000000000000;5.000000000000;5.000000000000;6.000000000000;5.000000000000;4.000000000000;5.000000000000;3.000000000000;3.000000000000;6.000000000000;0.116416354673;0.000000000000
12.000000000000;1.000000000000;7.000000000000;1.000000000000;7.000000000000;7.000000000000;7.000000000000;6.000000000000;6.000000000000;7.000000000000;7.000000000000;7.000000000000;;7.000000000000;6.000000000000;7.000000000000;;
12.000000000000;1.000000000000;2.000000000000;0.000000000000;1.000000000000;1.000000000000;3.000000000000;2.000000000000;6.000000000000;;6.000000000000;1.000000000000;;;1.000000000000;6.000000000000;;
13.000000000000;1.000000000000;6.000000000000;1.000000000000;3.000000000000;6.000000000000;5.000000000000;6.000000000000;4.000000000000;5.000000000000;5.000000000000;5.000000000000;4.000000000000;3.000000000000;3.000000000000;6.000000000000;0.590577088817;1.000000000000
14.000000000000;1.000000000000;5.000000000000;0.000000000000;3.000000000000;3.000000000000;3.000000000000;4.000000000000;3.000000000000;4.000000000000;4.000000000000;4.000000000000;4.000000000000;4.000000000000;7.000000000000;3.000000000000;0.008458212579;0.000000000000
14.000000000000;1.000000000000;6.000000000000;1.000000000000;7.000000000000;6.000000000000;6.000000000000;7.000000000000;6.000000000000;4.000000000000;4.000000000000;4.000000000000;4.000000000000;4.000000000000;3.000000000000;5.000000000000;0.661393592816;1.000000000000
15.000000000000;1.000000000000;6.000000000000;1.000000000000;6.000000000000;7.000000000000;6.000000000000;6.000000000000;6.000000000000;7.000000000000;7.000000000000;5.000000000000;6.000000000000;4.000000000000;5.000000000000;7.000000000000;0.900136927580;1.000000000000
15.000000000000;1.000000000000;4.000000000000;0.000000000000;3.000000000000;2.000000000000;2.000000000000;3.000000000000;3.000000000000;7.000000000000;5.000000000000;5.000000000000;4.000000000000;2.000000000000;5.000000000000;4.000000000000;0.009695338743;0.000000000000
16.000000000000;1.000000000000;5.000000000000;0.000000000000;6.000000000000;5.000000000000;5.000000000000;4.000000000000;4.000000000000;5.000000000000;6.000000000000;6.000000000000;;6.000000000000;5.000000000000;7.000000000000;;
17.000000000000;1.000000000000;5.000000000000;0.000000000000;4.000000000000;5.000000000000;5.000000000000;6.000000000000;5.000000000000;5.000000000000;4.000000000000;5.000000000000;;7.000000000000;3.000000000000;6.000000000000;;
18.000000000000;1.000000000000;5.000000000000;0.000000000000;5.000000000000;5.000000000000;5.000000000000;5.000000000000;5.000000000000;5.000000000000;6.000000000000;5.000000000000;;5.000000000000;4.000000000000;6.000000000000;;
19.000000000000;1.000000000000;6.000000000000;1.000000000000;6.000000000000;6.000000000000;6.000000000000;6.000000000000;6.000000000000;6.000000000000;6.000000000000;6.000000000000;7.000000000000;4.000000000000;7.000000000000;6.000000000000;0.956871381306;1.000000000000
20.000000000000;1.000000000000;6.000000000000;1.000000000000;7.000000000000;7.000000000000;7.000000000000;7.000000000000;6.000000000000;6.000000000000;6.000000000000;6.000000000000;6.000000000000;6.000000000000;4.000000000000;7.000000000000;0.986445841734;1.000000000000
20.000000000000;1.000000000000;2.000000000000;0.000000000000;2.000000000000;1.000000000000;1.000000000000;4.000000000000;5.000000000000;6.000000000000;6.000000000000;5.000000000000;6.000000000000;6.000000000000;5.000000000000;1.000000000000;0.013029328231;0.000000000000
21.000000000000;1.000000000000;6.000000000000;1.000000000000;7.000000000000;7.000000000000;7.000000000000;6.000000000000;6.000000000000;5.000000000000;;6.000000000000;;6.000000000000;5.000000000000;7.000000000000;;
22.000000000000;1.000000000000;5.000000000000;0.000000000000;5.000000000000;4.000000000000;5.000000000000;5.000000000000;4.000000000000;5.000000000000;5.000000000000;5.000000000000;;5.000000000000;6.000000000000;7.000000000000;;
22.000000000000;1.000000000000;6.000000000000;1.000000000000;5.000000000000;5.000000000000;6.000000000000;6.000000000000;4.000000000000;5.000000000000;5.000000000000;6.000000000000;;5.000000000000;4.000000000000;7.000000000000;;
23.000000000000;1.000000000000;6.000000000000;1.000000000000;6.000000000000;6.000000000000;6.000000000000;6.000000000000;6.000000000000;5.000000000000;7.000000000000;6.000000000000;7.000000000000;5.000000000000;3.000000000000;6.000000000000;0.852171544495;1.000000000000
24.000000000000;1.000000000000;7.000000000000;1.000000000000;7.000000000000;7.000000000000;7.000000000000;6.000000000000;4.000000000000;5.000000000000;6.000000000000;6.000000000000;;7.000000000000;4.000000000000;7.000000000000;;
24.000000000000;1.000000000000;3.000000000000;0.000000000000;2.000000000000;2.000000000000;3.000000000000;5.000000000000;4.000000000000;;6.000000000000;4.000000000000;;1.000000000000;5.000000000000;2.000000000000;;
25.000000000000;1.000000000000;6.000000000000;1.000000000000;5.000000000000;4.000000000000;5.000000000000;6.000000000000;4.000000000000;5.000000000000;5.000000000000;5.000000000000;;7.000000000000;4.000000000000;;;
26.000000000000;1.000000000000;5.000000000000;0.000000000000;4.000000000000;5.000000000000;6.000000000000;5.000000000000;6.000000000000;6.000000000000;5.000000000000;5.000000000000;4.000000000000;5.000000000000;4.000000000000;6.000000000000;0.425524110323;0.000000000000
26.000000000000;1.000000000000;4.000000000000;0.000000000000;3.000000000000;3.000000000000;4.000000000000;;;;;5.000000000000;;;5.000000000000;4.000000000000;;
27.000000000000;1.000000000000;5.000000000000;0.000000000000;5.000000000000;6.000000000000;5.000000000000;5.000000000000;5.000000000000;4.000000000000;2.000000000000;6.000000000000;;6.000000000000;4.000000000000;6.000000000000;;
27.000000000000;1.000000000000;5.000000000000;0.000000000000;3.000000000000;2.000000000000;4.000000000000;3.000000000000;4.000000000000;5.000000000000;5.000000000000;2.000000000000;;1.000000000000;6.000000000000;1.000000000000;;
28.000000000000;1.000000000000;6.000000000000;1.000000000000;6.000000000000;6.000000000000;6.000000000000;6.000000000000;6.000000000000;6.000000000000;7.000000000000;6.000000000000;6.000000000000;6.000000000000;5.000000000000;7.000000000000;0.953903869069;1.000000000000
29.000000000000;1.000000000000;6.000000000000;1.000000000000;6.000000000000;7.000000000000;6.000000000000;7.000000000000;2.000000000000;7.000000000000;6.000000000000;6.000000000000;;3.000000000000;4.000000000000;6.000000000000;;
29.000000000000;1.000000000000;2.000000000000;0.000000000000;1.000000000000;1.000000000000;1.000000000000;;;;;;;4.000000000000;5.000000000000;5.000000000000;;
30.000000000000;1.000000000000;6.000000000000;1.000000000000;6.000000000000;6.000000000000;6.000000000000;5.000000000000;4.000000000000;6.000000000000;5.000000000000;4.000000000000;;;4.000000000000;6.000000000000;;
31.000000000000;1.000000000000;6.000000000000;1.000000000000;6.000000000000;6.000000000000;7.000000000000;7.000000000000;7.000000000000;6.000000000000;6.000000000000;6.000000000000;;;5.000000000000;7.000000000000;;
32.000000000000;1.000000000000;6.000000000000;1.000000000000;2.000000000000;1.000000000000;3.000000000000;6.000000000000;1.000000000000;4.000000000000;5.000000000000;6.000000000000;;1.000000000000;3.000000000000;;;
32.000000000000;1.000000000000;3.000000000000;0.000000000000;7.000000000000;7.000000000000;7.000000000000;;;;;7.000000000000;;5.000000000000;;;;
33.000000000000;1.000000000000;5.000000000000;0.000000000000;4.000000000000;6.000000000000;6.000000000000;6.000000000000;5.000000000000;5.000000000000;7.000000000000;6.000000000000;;4.000000000000;5.000000000000;6.000000000000;;
33.000000000000;1.000000000000;4.000000000000;0.000000000000;4.000000000000;4.000000000000;6.000000000000;;;5.000000000000;;6.000000000000;;;5.000000000000;;;
34.000000000000;1.000000000000;1.000000000000;0.000000000000;1.000000000000;1.000000000000;1.000000000000;1.000000000000;1.000000000000;5.000000000000;1.000000000000;1.000000000000;1.000000000000;1.000000000000;1.000000000000;1.000000000000;0.000000147847;0.000000000000
34.000000000000;1.000000000000;4.000000000000;0.000000000000;4.000000000000;4.000000000000;4.000000000000;4.000000000000;6.000000000000;5.000000000000;5.000000000000;7.000000000000;4.000000000000;4.000000000000;5.000000000000;7.000000000000;0.720589511717;1.000000000000
35.000000000000;1.000000000000;5.000000000000;0.000000000000;5.000000000000;4.000000000000;5.000000000000;5.000000000000;4.000000000000;5.000000000000;7.000000000000;5.000000000000;;;2.000000000000;6.000000000000;;
35.000000000000;1.000000000000;5.000000000000;0.000000000000;;4.000000000000;5.000000000000;;;5.000000000000;6.000000000000;3.000000000000;;;4.000000000000;4.000000000000;;
36.000000000000;1.000000000000;3.000000000000;0.000000000000;3.000000000000;5.000000000000;4.000000000000;5.000000000000;3.000000000000;4.000000000000;3.000000000000;5.000000000000;;2.000000000000;4.000000000000;6.000000000000;;
37.000000000000;1.000000000000;5.000000000000;0.000000000000;5.000000000000;5.000000000000;5.000000000000;6.000000000000;5.000000000000;5.000000000000;5.000000000000;5.000000000000;6.000000000000;5.000000000000;5.000000000000;6.000000000000;0.708331747110;1.000000000000
38.000000000000;1.000000000000;2.000000000000;0.000000000000;4.000000000000;2.000000000000;2.000000000000;3.000000000000;5.000000000000;4.000000000000;5.000000000000;4.000000000000;;3.000000000000;4.000000000000;5.000000000000;;
38.000000000000;1.000000000000;5.000000000000;0.000000000000;5.000000000000;6.000000000000;6.000000000000;6.000000000000;6.000000000000;4.000000000000;5.000000000000;4.000000000000;;3.000000000000;5.000000000000;5.000000000000;;
39.000000000000;1.000000000000;6.000000000000;1.000000000000;6.000000000000;7.000000000000;7.000000000000;6.000000000000;6.000000000000;6.000000000000;6.000000000000;6.000000000000;;;5.000000000000;5.000000000000;;
39.000000000000;1.000000000000;2.000000000000;0.000000000000;1.000000000000;1.000000000000;1.000000000000;2.000000000000;3.000000000000;2.000000000000;3.000000000000;3.000000000000;;;3.000000000000;3.000000000000;;
40.000000000000;1.000000000000;5.000000000000;0.000000000000;5.000000000000;6.000000000000;6.000000000000;5.000000000000;4.000000000000;;;4.000000000000;4.000000000000;5.000000000000;3.000000000000;6.000000000000;;
40.000000000000;1.000000000000;3.000000000000;0.000000000000;3.000000000000;2.000000000000;4.000000000000;5.000000000000;4.000000000000;;;4.000000000000;4.000000000000;5.000000000000;3.000000000000;6.000000000000;;
41.000000000000;1.000000000000;6.000000000000;1.000000000000;6.000000000000;6.000000000000;6.000000000000;6.000000000000;6.000000000000;6.000000000000;6.000000000000;6.000000000000;;6.000000000000;6.000000000000;6.000000000000;;
41.000000000000;1.000000000000;6.000000000000;1.000000000000;;4.000000000000;4.000000000000;5.000000000000;;;;6.000000000000;;5.000000000000;;;;
42.000000000000;1.000000000000;6.000000000000;1.000000000000;6.000000000000;6.000000000000;7.000000000000;6.000000000000;6.000000000000;5.000000000000;6.000000000000;5.000000000000;4.000000000000;6.000000000000;6.000000000000;;;
42.000000000000;1.000000000000;5.000000000000;0.000000000000;5.000000000000;5.000000000000;7.000000000000;6.000000000000;3.000000000000;4.000000000000;5.000000000000;4.000000000000;4.000000000000;3.000000000000;5.000000000000;;;
43.000000000000;1.000000000000;5.000000000000;0.000000000000;7.000000000000;7.000000000000;7.000000000000;6.000000000000;6.000000000000;6.000000000000;5.000000000000;4.000000000000;6.000000000000;6.000000000000;6.000000000000;6.000000000000;0.615059237896;1.000000000000
44.000000000000;1.000000000000;5.000000000000;0.000000000000;6.000000000000;6.000000000000;6.000000000000;5.000000000000;6.000000000000;;7.000000000000;5.000000000000;;;5.000000000000;6.000000000000;;
45.000000000000;1.000000000000;6.000000000000;1.000000000000;7.000000000000;7.000000000000;7.000000000000;6.000000000000;5.000000000000;7.000000000000;7.000000000000;7.000000000000;;6.000000000000;2.000000000000;6.000000000000;;
46.000000000000;1.000000000000;5.000000000000;0.000000000000;6.000000000000;5.000000000000;6.000000000000;6.000000000000;5.000000000000;5.000000000000;5.000000000000;4.000000000000;5.000000000000;5.000000000000;3.000000000000;6.000000000000;0.328596160984;0.000000000000
47.000000000000;1.000000000000;6.000000000000;1.000000000000;6.000000000000;6.000000000000;6.000000000000;6.000000000000;6.000000000000;5.000000000000;7.000000000000;;;;5.000000000000;6.000000000000;;
48.000000000000;1.000000000000;4.000000000000;0.000000000000;4.000000000000;3.000000000000;4.000000000000;5.000000000000;5.000000000000;5.000000000000;5.000000000000;4.000000000000;;5.000000000000;4.000000000000;6.000000000000;;
48.000000000000;1.000000000000;5.000000000000;0.000000000000;5.000000000000;5.000000000000;5.000000000000;5.000000000000;5.000000000000;5.000000000000;;4.000000000000;;4.000000000000;5.000000000000;6.000000000000;;
49.000000000000;1.000000000000;5.000000000000;0.000000000000;4.000000000000;4.000000000000;5.000000000000;6.000000000000;4.000000000000;7.000000000000;6.000000000000;7.000000000000;;4.000000000000;1.000000000000;7.000000000000;;
49.000000000000;1.000000000000;3.000000000000;0.000000000000;4.000000000000;4.000000000000;5.000000000000;6.000000000000;6.000000000000;5.000000000000;6.000000000000;5.000000000000;;4.000000000000;7.000000000000;6.000000000000;;
50.000000000000;1.000000000000;2.000000000000;0.000000000000;1.000000000000;1.000000000000;1.000000000000;3.000000000000;1.000000000000;;4.000000000000;;1.000000000000;1.000000000000;4.000000000000;1.000000000000;;
50.000000000000;1.000000000000;6.000000000000;1.000000000000;7.000000000000;7.000000000000;6.000000000000;5.000000000000;6.000000000000;;5.000000000000;;5.000000000000;5.000000000000;4.000000000000;5.000000000000;;
51.000000000000;1.000000000000;5.000000000000;0.000000000000;6.000000000000;7.000000000000;7.000000000000;6.000000000000;4.000000000000;;7.000000000000;;;2.000000000000;;;;
52.000000000000;1.000000000000;4.000000000000;0.000000000000;3.000000000000;2.000000000000;2.000000000000;3.000000000000;5.000000000000;;;;;;3.000000000000;;;
52.000000000000;1.000000000000;5.000000000000;0.000000000000;4.000000000000;6.000000000000;6.000000000000;5.000000000000;;;4.000000000000;6.000000000000;;;3.000000000000;5.000000000000;;
53.000000000000;1.000000000000;2.000000000000;0.000000000000;7.000000000000;7.000000000000;6.000000000000;6.000000000000;5.000000000000;7.000000000000;6.000000000000;6.000000000000;;7.000000000000;6.000000000000;7.000000000000;;
54.000000000000;1.000000000000;6.000000000000;1.000000000000;5.000000000000;6.000000000000;6.000000000000;4.000000000000;6.000000000000;3.000000000000;5.000000000000;6.000000000000;6.000000000000;5.000000000000;4.000000000000;6.000000000000;0.167439161408;0.000000000000
54.000000000000;1.000000000000;3.000000000000;0.000000000000;2.000000000000;3.000000000000;4.000000000000;;5.000000000000;4.000000000000;5.000000000000;5.000000000000;5.000000000000;2.000000000000;4.000000000000;3.000000000000;;
55.000000000000;1.000000000000;4.000000000000;0.000000000000;4.000000000000;4.000000000000;4.000000000000;5.000000000000;5.000000000000;6.000000000000;5.000000000000;;;4.000000000000;1.000000000000;;;
55.000000000000;1.000000000000;4.000000000000;0.000000000000;4.000000000000;4.000000000000;4.000000000000;5.000000000000;;;;;;;;;;
56.000000000000;1.000000000000;6.000000000000;1.000000000000;5.000000000000;6.000000000000;5.000000000000;6.000000000000;5.000000000000;6.000000000000;5.000000000000;7.000000000000;5.000000000000;5.000000000000;3.000000000000;6.000000000000;0.947555366269;1.000000000000
56.000000000000;1.000000000000;4.000000000000;0.000000000000;3.000000000000;3.000000000000;3.000000000000;4.000000000000;;5.000000000000;4.000000000000;7.000000000000;4.000000000000;5.000000000000;2.000000000000;3.000000000000;;
57.000000000000;1.000000000000;5.000000000000;0.000000000000;5.000000000000;5.000000000000;5.000000000000;5.000000000000;6.000000000000;6.000000000000;6.000000000000;5.000000000000;5.000000000000;4.000000000000;6.000000000000;4.000000000000;0.358074121187;0.000000000000
57.000000000000;1.000000000000;6.000000000000;1.000000000000;6.000000000000;6.000000000000;6.000000000000;5.000000000000;6.000000000000;6.000000000000;6.000000000000;6.000000000000;5.000000000000;4.000000000000;4.000000000000;6.000000000000;0.699411123199;1.000000000000
58.000000000000;1.000000000000;1.000000000000;0.000000000000;1.000000000000;1.000000000000;1.000000000000;1.000000000000;3.000000000000;2.000000000000;;;;1.000000000000;7.000000000000;1.000000000000;;
58.000000000000;1.000000000000;6.000000000000;1.000000000000;6.000000000000;6.000000000000;6.000000000000;6.000000000000;;7.000000000000;;;;6.000000000000;4.000000000000;7.000000000000;;
59.000000000000;1.000000000000;6.000000000000;1.000000000000;5.000000000000;5.000000000000;5.000000000000;6.000000000000;5.000000000000;5.000000000000;5.000000000000;6.000000000000;;2.000000000000;2.000000000000;6.000000000000;;
60.000000000000;1.000000000000;6.000000000000;1.000000000000;6.000000000000;7.000000000000;6.000000000000;5.000000000000;3.000000000000;5.000000000000;5.000000000000;3.000000000000;;2.000000000000;5.000000000000;7.000000000000;;
60.000000000000;1.000000000000;5.000000000000;0.000000000000;4.000000000000;4.000000000000;5.000000000000;6.000000000000;3.000000000000;5.000000000000;2.000000000000;5.000000000000;;4.000000000000;2.000000000000;7.000000000000;;
61.000000000000;1.000000000000;6.000000000000;1.000000000000;6.000000000000;7.000000000000;7.000000000000;4.000000000000;7.000000000000;6.000000000000;5.000000000000;5.000000000000;5.000000000000;6.000000000000;4.000000000000;6.000000000000;0.141138733091;0.000000000000
61.000000000000;1.000000000000;4.000000000000;0.000000000000;2.000000000000;2.000000000000;2.000000000000;;;;;;;;;4.000000000000;;
62.000000000000;1.000000000000;5.000000000000;0.000000000000;5.000000000000;3.000000000000;5.000000000000;5.000000000000;4.000000000000;5.000000000000;5.000000000000;5.000000000000;4.000000000000;5.000000000000;3.000000000000;5.000000000000;0.141551690087;0.000000000000
63.000000000000;1.000000000000;4.000000000000;0.000000000000;2.000000000000;2.000000000000;2.000000000000;5.000000000000;3.000000000000;5.000000000000;3.000000000000;5.000000000000;4.000000000000;3.000000000000;2.000000000000;6.000000000000;0.121923773320;0.000000000000
64.000000000000;1.000000000000;5.000000000000;0.000000000000;5.000000000000;4.000000000000;4.000000000000;5.000000000000;2.000000000000;4.000000000000;4.000000000000;4.000000000000;4.000000000000;2.000000000000;2.000000000000;5.000000000000;0.019704714954;0.000000000000
64.000000000000;1.000000000000;5.000000000000;0.000000000000;5.000000000000;4.000000000000;4.000000000000;5.000000000000;5.000000000000;4.000000000000;4.000000000000;4.000000000000;4.000000000000;5.000000000000;6.000000000000;5.000000000000;0.115079260584;0.000000000000
65.000000000000;1.000000000000;5.000000000000;0.000000000000;1.000000000000;1.000000000000;5.000000000000;6.000000000000;3.000000000000;5.000000000000;5.000000000000;5.000000000000;4.000000000000;4.000000000000;1.000000000000;7.000000000000;0.468439078204;0.000000000000
66.000000000000;1.000000000000;6.000000000000;1.000000000000;6.000000000000;5.000000000000;5.000000000000;6.000000000000;2.000000000000;5.000000000000;5.000000000000;5.000000000000;4.000000000000;5.000000000000;3.000000000000;7.000000000000;0.527731569705;1.000000000000
66.000000000000;1.000000000000;4.000000000000;0.000000000000;3.000000000000;3.000000000000;3.000000000000;;;5.000000000000;6.000000000000;5.000000000000;;2.000000000000;3.000000000000;2.000000000000;;
67.000000000000;1.000000000000;6.000000000000;1.000000000000;7.000000000000;6.000000000000;6.000000000000;6.000000000000;6.000000000000;7.000000000000;5.000000000000;7.000000000000;;7.000000000000;5.000000000000;7.000000000000;;
67.000000000000;1.000000000000;2.000000000000;0.000000000000;1.000000000000;1.000000000000;1.000000000000;5.000000000000;;;;3.000000000000;;1.000000000000;5.000000000000;7.000000000000;;
68.000000000000;1.000000000000;7.000000000000;1.000000000000;7.000000000000;7.000000000000;7.000000000000;7.000000000000;6.000000000000;7.000000000000;7.000000000000;6.000000000000;7.000000000000;5.000000000000;7.000000000000;7.000000000000;0.995337510394;1.000000000000
68.000000000000;1.000000000000;4.000000000000;0.000000000000;4.000000000000;4.000000000000;4.000000000000;3.000000000000;3.000000000000;4.000000000000;4.000000000000;4.000000000000;4.000000000000;4.000000000000;7.000000000000;7.000000000000;0.009601733403;0.000000000000
69.000000000000;1.000000000000;5.000000000000;0.000000000000;6.000000000000;6.000000000000;6.000000000000;6.000000000000;7.000000000000;7.000000000000;7.000000000000;5.000000000000;7.000000000000;4.000000000000;5.000000000000;5.000000000000;0.816833357665;1.000000000000
69.000000000000;1.000000000000;3.000000000000;0.000000000000;1.000000000000;1.000000000000;1.000000000000;3.000000000000;3.000000000000;7.000000000000;7.000000000000;3.000000000000;4.000000000000;1.000000000000;3.000000000000;5.000000000000;0.001055140481;0.000000000000
70.000000000000;1.000000000000;7.000000000000;1.000000000000;7.000000000000;7.000000000000;7.000000000000;7.000000000000;5.000000000000;6.000000000000;6.000000000000;3.000000000000;6.000000000000;;5.000000000000;6.000000000000;;
71.000000000000;1.000000000000;5.000000000000;0.000000000000;6.000000000000;6.000000000000;6.000000000000;5.000000000000;5.000000000000;5.000000000000;6.000000000000;5.000000000000;5.000000000000;4.000000000000;4.000000000000;5.000000000000;0.228910531335;0.000000000000
71.000000000000;1.000000000000;3.000000000000;0.000000000000;2.000000000000;2.000000000000;2.000000000000;;;;;4.000000000000;;;;4.000000000000;;
72.000000000000;1.000000000000;5.000000000000;0.000000000000;4.000000000000;2.000000000000;3.000000000000;5.000000000000;2.000000000000;6.000000000000;1.000000000000;6.000000000000;;1.000000000000;6.000000000000;7.000000000000;;
72.000000000000;1.000000000000;6.000000000000;1.000000000000;4.000000000000;5.000000000000;5.000000000000;;;;;7.000000000000;;;6.000000000000;;;
73.000000000000;1.000000000000;6.000000000000;1.000000000000;6.000000000000;6.000000000000;7.000000000000;6.000000000000;7.000000000000;6.000000000000;6.000000000000;7.000000000000;;6.000000000000;6.000000000000;7.000000000000;;
73.000000000000;1.000000000000;5.000000000000;0.000000000000;6.000000000000;6.000000000000;5.000000000000;6.000000000000;6.000000000000;6.000000000000;5.000000000000;5.000000000000;;6.000000000000;7.000000000000;7.000000000000;;
74.000000000000;1.000000000000;3.000000000000;0.000000000000;3.000000000000;1.000000000000;1.000000000000;5.000000000000;1.000000000000;6.000000000000;1.000000000000;3.000000000000;;1.000000000000;;;;
74.000000000000;1.000000000000;6.000000000000;1.000000000000;5.000000000000;6.000000000000;1.000000000000;5.000000000000;6.000000000000;6.000000000000;4.000000000000;;;5.000000000000;;;;
75.000000000000;1.000000000000;6.000000000000;1.000000000000;6.000000000000;6.000000000000;6.000000000000;6.000000000000;6.000000000000;6.000000000000;7.000000000000;;;1.000000000000;4.000000000000;;;
75.000000000000;1.000000000000;6.000000000000;1.000000000000;4.000000000000;4.000000000000;4.000000000000;6.000000000000;5.000000000000;6.000000000000;;;;1.000000000000;3.000000000000;;;
76.000000000000;1.000000000000;5.000000000000;0.000000000000;5.000000000000;5.000000000000;4.000000000000;6.000000000000;6.000000000000;4.000000000000;3.000000000000;3.000000000000;;1.000000000000;1.000000000000;4.000000000000;;
76.000000000000;1.000000000000;6.000000000000;1.000000000000;5.000000000000;6.000000000000;5.000000000000;;6.000000000000;5.000000000000;6.000000000000;5.000000000000;5.000000000000;4.000000000000;5.000000000000;4.000000000000;;
77.000000000000;1.000000000000;5.000000000000;0.000000000000;4.000000000000;5.000000000000;5.000000000000;6.000000000000;3.000000000000;3.000000000000;4.000000000000;4.000000000000;5.000000000000;2.000000000000;2.000000000000;7.000000000000;0.191781737538;0.000000000000
77.000000000000;1.000000000000;3.000000000000;0.000000000000;3.000000000000;2.000000000000;2.000000000000;3.000000000000;4.000000000000;5.000000000000;4.000000000000;2.000000000000;5.000000000000;3.000000000000;4.000000000000;5.000000000000;0.000263631430;0.000000000000
78.000000000000;1.000000000000;1.000000000000;0.000000000000;1.000000000000;1.000000000000;1.000000000000;6.000000000000;;5.000000000000;6.000000000000;6.000000000000;6.000000000000;;6.000000000000;7.000000000000;;
79.000000000000;1.000000000000;5.000000000000;0.000000000000;5.000000000000;5.000000000000;5.000000000000;6.000000000000;5.000000000000;5.000000000000;4.000000000000;5.000000000000;5.000000000000;5.000000000000;5.000000000000;6.000000000000;0.718519076735;1.000000000000
80.000000000000;1.000000000000;5.000000000000;0.000000000000;5.000000000000;4.000000000000;4.000000000000;4.000000000000;6.000000000000;5.000000000000;6.000000000000;4.000000000000;;5.000000000000;5.000000000000;5.000000000000;;
81.000000000000;1.000000000000;5.000000000000;0.000000000000;6.000000000000;5.000000000000;5.000000000000;5.000000000000;4.000000000000;2.000000000000;4.000000000000;6.000000000000;6.000000000000;7.000000000000;5.000000000000;6.000000000000;0.343160140939;0.000000000000
81.000000000000;1.000000000000;4.000000000000;0.000000000000;4.000000000000;4.000000000000;5.000000000000;4.000000000000;4.000000000000;3.000000000000;4.000000000000;3.000000000000;6.000000000000;;;;;
82.000000000000;1.000000000000;7.000000000000;1.000000000000;7.000000000000;7.000000000000;7.000000000000;7.000000000000;7.000000000000;4.000000000000;7.000000000000;5.000000000000;7.000000000000;3.000000000000;;;;
83.000000000000;1.000000000000;5.000000000000;0.000000000000;4.000000000000;4.000000000000;6.000000000000;5.000000000000;7.000000000000;5.000000000000;6.000000000000;6.000000000000;6.000000000000;4.000000000000;6.000000000000;;;
83.000000000000;1.000000000000;5.000000000000;0.000000000000;4.000000000000;4.000000000000;;;;5.000000000000;6.000000000000;6.000000000000;;;;;;
84.000000000000;1.000000000000;5.000000000000;0.000000000000;5.000000000000;6.000000000000;6.000000000000;5.000000000000;5.000000000000;5.000000000000;4.000000000000;5.000000000000;;6.000000000000;3.000000000000;6.000000000000;;
84.000000000000;1.000000000000;4.000000000000;0.000000000000;3.000000000000;3.000000000000;4.000000000000;3.000000000000;3.000000000000;3.000000000000;3.000000000000;4.000000000000;;;4.000000000000;1.000000000000;;
85.000000000000;1.000000000000;4.000000000000;0.000000000000;6.000000000000;4.000000000000;5.000000000000;5.000000000000;5.000000000000;3.000000000000;5.000000000000;6.000000000000;5.000000000000;5.000000000000;4.000000000000;7.000000000000;0.570111464698;1.000000000000
85.000000000000;1.000000000000;5.000000000000;0.000000000000;6.000000000000;6.000000000000;5.000000000000;5.000000000000;;4.000000000000;5.000000000000;6.000000000000;5.000000000000;3.000000000000;5.000000000000;5.000000000000;;
86.000000000000;1.000000000000;6.000000000000;1.000000000000;6.000000000000;7.000000000000;7.000000000000;5.000000000000;4.000000000000;4.000000000000;6.000000000000;5.000000000000;5.000000000000;5.000000000000;6.000000000000;5.000000000000;0.236611379553;0.000000000000
86.000000000000;1.000000000000;4.000000000000;0.000000000000;3.000000000000;6.000000000000;5.000000000000;5.000000000000;4.000000000000;4.000000000000;5.000000000000;5.000000000000;6.000000000000;6.000000000000;5.000000000000;5.000000000000;0.153266526548;0.000000000000
87.000000000000;1.000000000000;7.000000000000;1.000000000000;6.000000000000;4.000000000000;6.000000000000;7.000000000000;6.000000000000;6.000000000000;5.000000000000;4.000000000000;;5.000000000000;5.000000000000;5.000000000000;;
88.000000000000;1.000000000000;6.000000000000;1.000000000000;6.000000000000;5.000000000000;5.000000000000;4.000000000000;5.000000000000;5.000000000000;5.000000000000;5.000000000000;;5.000000000000;5.000000000000;5.000000000000;;
88.000000000000;1.000000000000;1.000000000000;0.000000000000;1.000000000000;1.000000000000;1.000000000000;1.000000000000;;1.000000000000;;;;;;;;
89.000000000000;1.000000000000;6.000000000000;1.000000000000;6.000000000000;6.000000000000;6.000000000000;5.000000000000;4.000000000000;5.000000000000;4.000000000000;5.000000000000;5.000000000000;6.000000000000;7.000000000000;5.000000000000;0.292860085390;0.000000000000
89.000000000000;1.000000000000;3.000000000000;0.000000000000;6.000000000000;3.000000000000;6.000000000000;;;;;6.000000000000;;5.000000000000;2.000000000000;;;
90.000000000000;1.000000000000;3.000000000000;0.000000000000;2.000000000000;2.000000000000;2.000000000000;6.000000000000;5.000000000000;3.000000000000;7.000000000000;5.000000000000;;1.000000000000;4.000000000000;7.000000000000;;
90.000000000000;1.000000000000;6.000000000000;1.000000000000;6.000000000000;6.000000000000;6.000000000000;6.000000000000;;6.000000000000;7.000000000000;6.000000000000;;5.000000000000;5.000000000000;7.000000000000;;
91.000000000000;1.000000000000;6.000000000000;1.000000000000;7.000000000000;6.000000000000;6.000000000000;5.000000000000;4.000000000000;5.000000000000;;5.000000000000;4.000000000000;5.000000000000;4.000000000000;5.000000000000;;
91.000000000000;1.000000000000;6.000000000000;1.000000000000;7.000000000000;6.000000000000;6.000000000000;5.000000000000;3.000000000000;5.000000000000;;4.000000000000;;2.000000000000;3.000000000000;5.000000000000;;
92.000000000000;1.000000000000;6.000000000000;1.000000000000;5.000000000000;5.000000000000;5.000000000000;6.000000000000;4.000000000000;5.000000000000;6.000000000000;6.000000000000;;3.000000000000;5.000000000000;5.000000000000;;
92.000000000000;1.000000000000;4.000000000000;0.000000000000;4.000000000000;4.000000000000;5.000000000000;4.000000000000;;5.000000000000;;6.000000000000;;;;;;
93.000000000000;1.000000000000;6.000000000000;1.000000000000;6.000000000000;5.000000000000;6.000000000000;6.000000000000;4.000000000000;;;5.000000000000;;4.000000000000;3.000000000000;;;
93.000000000000;1.000000000000;4.000000000000;0.000000000000;2.000000000000;1.000000000000;1.000000000000;4.000000000000;4.000000000000;;;2.000000000000;;2.000000000000;5.000000000000;;;
94.000000000000;1.000000000000;6.000000000000;1.000000000000;6.000000000000;4.000000000000;4.000000000000;6.000000000000;4.000000000000;1.000000000000;1.000000000000;4.000000000000;;;1.000000000000;;;
95.000000000000;1.000000000000;1.000000000000;0.000000000000;1.000000000000;1.000000000000;1.000000000000;2.000000000000;1.000000000000;1.000000000000;1.000000000000;1.000000000000;1.000000000000;1.000000000000;2.000000000000;2.000000000000;0.000000711048;0.000000000000
95.000000000000;1.000000000000;4.000000000000;0.000000000000;3.000000000000;7.000000000000;5.000000000000;;;4.000000000000;3.000000000000;4.000000000000;;;4.000000000000;;;
96.000000000000;1.000000000000;6.000000000000;1.000000000000;6.000000000000;6.000000000000;6.000000000000;6.000000000000;;6.000000000000;;;;4.000000000000;6.000000000000;;;
97.000000000000;1.000000000000;4.000000000000;0.000000000000;4.000000000000;2.000000000000;1.000000000000;4.000000000000;6.000000000000;5.000000000000;2.000000000000;2.000000000000;1.000000000000;3.000000000000;3.000000000000;3.000000000000;0.001039361499;0.000000000000
98.000000000000;1.000000000000;6.000000000000;1.000000000000;6.000000000000;6.000000000000;6.000000000000;5.000000000000;6.000000000000;7.000000000000;7.000000000000;6.000000000000;7.000000000000;7.000000000000;5.000000000000;7.000000000000;0.806701852335;1.000000000000
99.000000000000;1.000000000000;5.000000000000;0.000000000000;5.000000000000;6.000000000000;4.000000000000;7.000000000000;;4.000000000000;4.000000000000;;;4.000000000000;2.000000000000;6.000000000000;;
100.000000000000;1.000000000000;6.000000000000;1.000000000000;6.000000000000;5.000000000000;6.000000000000;6.000000000000;5.000000000000;5.000000000000;5.000000000000;4.000000000000;5.000000000000;6.000000000000;5.000000000000;5.000000000000;0.348828901934;0.000000000000
100.000000000000;1.000000000000;4.000000000000;0.000000000000;4.000000000000;5.000000000000;5.000000000000;5.000000000000;5.000000000000;5.000000000000;5.000000000000;4.000000000000;5.000000000000;5.000000000000;6.000000000000;5.000000000000;0.130632030888;0.000000000000
101.000000000000;1.000000000000;7.000000000000;1.000000000000;7.000000000000;7.000000000000;7.000000000000;7.000000000000;6.000000000000;7.000000000000;7.000000000000;7.000000000000;7.000000000000;7.000000000000;7.000000000000;7.000000000000;0.998322792224;1.000000000000
102.000000000000;1.000000000000;6.000000000000;1.000000000000;6.000000000000;6.000000000000;6.000000000000;7.000000000000;6.000000000000;6.000000000000;;6.000000000000;;6.000000000000;4.000000000000;6.000000000000;;
103.000000000000;1.000000000000;5.000000000000;0.000000000000;5.000000000000;5.000000000000;4.000000000000;4.000000000000;4.000000000000;3.000000000000;6.000000000000;3.000000000000;;2.000000000000;4.000000000000;2.000000000000;;
103.000000000000;1.000000000000;3.000000000000;0.000000000000;5.000000000000;4.000000000000;5.000000000000;6.000000000000;4.000000000000;6.000000000000;3.000000000000;6.000000000000;;3.000000000000;4.000000000000;5.000000000000;;
104.000000000000;1.000000000000;6.000000000000;1.000000000000;6.000000000000;6.000000000000;7.000000000000;6.000000000000;4.000000000000;6.000000000000;6.000000000000;5.000000000000;6.000000000000;4.000000000000;5.000000000000;6.000000000000;0.714679165607;1.000000000000
104.000000000000;1.000000000000;4.000000000000;0.000000000000;4.000000000000;4.000000000000;3.000000000000;4.000000000000;4.000000000000;3.000000000000;5.000000000000;4.000000000000;4.000000000000;4.000000000000;6.000000000000;4.000000000000;0.011501380374;0.000000000000
105.000000000000;1.000000000000;6.000000000000;1.000000000000;5.000000000000;5.000000000000;5.000000000000;6.000000000000;5.000000000000;6.000000000000;;;;;6.000000000000;7.000000000000;;
106.000000000000;1.000000000000;6.000000000000;1.000000000000;1.000000000000;1.000000000000;4.000000000000;5.000000000000;5.000000000000;6.000000000000;5.000000000000;5.000000000000;5.000000000000;5.000000000000;5.000000000000;6.000000000000;0.397023190339;0.000000000000
106.000000000000;1.000000000000;6.000000000000;1.000000000000;7.000000000000;7.000000000000;6.000000000000;7.000000000000;6.000000000000;6.000000000000;6.000000000000;5.000000000000;5.000000000000;5.000000000000;5.000000000000;6.000000000000;0.960089460213;1.000000000000
107.000000000000;1.000000000000;5.000000000000;0.000000000000;5.000000000000;6.000000000000;4.000000000000;6.000000000000;5.000000000000;5.000000000000;6.000000000000;5.000000000000;6.000000000000;6.000000000000;6.000000000000;6.000000000000;0.767216995775;1.000000000000
108.000000000000;1.000000000000;5.000000000000;0.000000000000;7.000000000000;5.000000000000;5.000000000000;5.000000000000;2.000000000000;5.000000000000;5.000000000000;4.000000000000;2.000000000000;4.000000000000;6.000000000000;2.000000000000;0.025105588365;0.000000000000
108.000000000000;1.000000000000;4.000000000000;0.000000000000;1.000000000000;3.000000000000;3.000000000000;;;4.000000000000;5.000000000000;6.000000000000;;5.000000000000;3.000000000000;5.000000000000;;
109.000000000000;1.000000000000;7.000000000000;1.000000000000;7.000000000000;7.000000000000;7.000000000000;6.000000000000;7.000000000000;;7.000000000000;5.000000000000;6.000000000000;3.000000000000;7.000000000000;7.000000000000;;
109.000000000000;1.000000000000;3.000000000000;0.000000000000;3.000000000000;1.000000000000;1.000000000000;2.000000000000;4.000000000000;;6.000000000000;5.000000000000;3.000000000000;2.000000000000;7.000000000000;7.000000000000;;
110.000000000000;1.000000000000;6.000000000000;1.000000000000;6.000000000000;6.000000000000;6.000000000000;5.000000000000;6.000000000000;7.000000000000;5.000000000000;6.000000000000;7.000000000000;4.000000000000;7.000000000000;7.000000000000;0.885072213935;1.000000000000
110.000000000000;1.000000000000;4.000000000000;0.000000000000;1.000000000000;1.000000000000;1.000000000000;;;7.000000000000;7.000000000000;7.000000000000;7.000000000000;4.000000000000;7.000000000000;7.000000000000;;
111.000000000000;1.000000000000;3.000000000000;0.000000000000;5.000000000000;3.000000000000;3.000000000000;4.000000000000;3.000000000000;;6.000000000000;5.000000000000;;2.000000000000;4.000000000000;;;
1.000000000000;2.000000000000;6.000000000000;1.000000000000;7.000000000000;7.000000000000;7.000000000000;6.000000000000;5.000000000000;5.000000000000;4.000000000000;5.000000000000;5.000000000000;5.000000000000;5.000000000000;7.000000000000;0.798016320565;1.000000000000
1.000000000000;2.000000000000;6.000000000000;1.000000000000;7.000000000000;7.000000000000;7.000000000000;6.000000000000;5.000000000000;5.000000000000;6.000000000000;5.000000000000;5.000000000000;4.000000000000;5.000000000000;7.000000000000;0.827813828637;1.000000000000
2.000000000000;2.000000000000;6.000000000000;1.000000000000;6.000000000000;6.000000000000;6.000000000000;6.000000000000;5.000000000000;6.000000000000;5.000000000000;5.000000000000;4.000000000000;6.000000000000;4.000000000000;6.000000000000;0.725736785189;1.000000000000
2.000000000000;2.000000000000;5.000000000000;0.000000000000;5.000000000000;5.000000000000;6.000000000000;5.000000000000;5.000000000000;6.000000000000;5.000000000000;5.000000000000;4.000000000000;4.000000000000;4.000000000000;6.000000000000;0.369701045928;0.000000000000
3.000000000000;2.000000000000;7.000000000000;1.000000000000;7.000000000000;7.000000000000;7.000000000000;6.000000000000;6.000000000000;6.000000000000;6.000000000000;6.000000000000;4.000000000000;5.000000000000;3.000000000000;7.000000000000;0.935371783836;1.000000000000
4.000000000000;2.000000000000;5.000000000000;0.000000000000;6.000000000000;6.000000000000;6.000000000000;5.000000000000;5.000000000000;5.000000000000;5.000000000000;4.000000000000;;5.000000000000;4.000000000000;5.000000000000;;
4.000000000000;2.000000000000;5.000000000000;0.000000000000;6.000000000000;6.000000000000;5.000000000000;4.000000000000;5.000000000000;4.000000000000;4.000000000000;4.000000000000;;3.000000000000;4.000000000000;5.000000000000;;
5.000000000000;2.000000000000;5.000000000000;0.000000000000;4.000000000000;5.000000000000;6.000000000000;5.000000000000;3.000000000000;3.000000000000;5.000000000000;5.000000000000;6.000000000000;4.000000000000;4.000000000000;7.000000000000;0.182623084056;0.000000000000
5.000000000000;2.000000000000;5.000000000000;0.000000000000;3.000000000000;4.000000000000;5.000000000000;;;;;;;;4.000000000000;;;
6.000000000000;2.000000000000;5.000000000000;0.000000000000;5.000000000000;7.000000000000;6.000000000000;6.000000000000;5.000000000000;5.000000000000;6.000000000000;5.000000000000;;4.000000000000;5.000000000000;6.000000000000;;
6.000000000000;2.000000000000;4.000000000000;0.000000000000;5.000000000000;4.000000000000;4.000000000000;;;;;5.000000000000;;;5.000000000000;6.000000000000;;
7.000000000000;2.000000000000;5.000000000000;0.000000000000;4.000000000000;5.000000000000;6.000000000000;6.000000000000;7.000000000000;5.000000000000;5.000000000000;4.000000000000;6.000000000000;6.000000000000;4.000000000000;7.000000000000;0.602840515306;1.000000000000
8.000000000000;2.000000000000;5.000000000000;0.000000000000;5.000000000000;4.000000000000;6.000000000000;7.000000000000;3.000000000000;7.000000000000;;4.000000000000;4.000000000000;4.000000000000;;4.000000000000;;
9.000000000000;2.000000000000;6.000000000000;1.000000000000;5.000000000000;6.000000000000;7.000000000000;6.000000000000;7.000000000000;;7.000000000000;4.000000000000;;;7.000000000000;4.000000000000;;
9.000000000000;2.000000000000;6.000000000000;1.000000000000;5.000000000000;5.000000000000;6.000000000000;6.000000000000;6.000000000000;;7.000000000000;6.000000000000;;;5.000000000000;7.000000000000;;
10.000000000000;2.000000000000;6.000000000000;1.000000000000;6.000000000000;6.000000000000;6.000000000000;6.000000000000;6.000000000000;4.000000000000;5.000000000000;4.000000000000;6.000000000000;5.000000000000;5.000000000000;7.000000000000;0.569885054214;1.000000000000
11.000000000000;2.000000000000;6.000000000000;1.000000000000;5.000000000000;6.000000000000;6.000000000000;6.000000000000;6.000000000000;5.000000000000;5.000000000000;6.000000000000;6.000000000000;5.000000000000;5.000000000000;6.000000000000;0.910121747621;1.000000000000
12.000000000000;2.000000000000;6.000000000000;1.000000000000;7.000000000000;7.000000000000;7.000000000000;5.000000000000;6.000000000000;7.000000000000;6.000000000000;5.000000000000;;7.000000000000;5.000000000000;7.000000000000;;
12.000000000000;2.000000000000;6.000000000000;1.000000000000;5.000000000000;5.000000000000;5.000000000000;5.000000000000;6.000000000000;6.000000000000;6.000000000000;5.000000000000;;5.000000000000;5.000000000000;7.000000000000;;
13.000000000000;2.000000000000;5.000000000000;0.000000000000;4.000000000000;5.000000000000;5.000000000000;5.000000000000;5.000000000000;5.000000000000;5.000000000000;4.000000000000;5.000000000000;4.000000000000;4.000000000000;5.000000000000;0.081469454715;0.000000000000
13.000000000000;2.000000000000;5.000000000000;0.000000000000;4.000000000000;5.000000000000;5.000000000000;5.000000000000;4.000000000000;5.000000000000;5.000000000000;4.000000000000;;;4.000000000000;;;
14.000000000000;2.000000000000;6.000000000000;1.000000000000;7.000000000000;7.000000000000;7.000000000000;;5.000000000000;5.000000000000;6.000000000000;5.000000000000;6.000000000000;2.000000000000;5.000000000000;6.000000000000;;
14.000000000000;2.000000000000;6.000000000000;1.000000000000;5.000000000000;3.000000000000;7.000000000000;6.000000000000;5.000000000000;5.000000000000;;;6.000000000000;;6.000000000000;6.000000000000;;
15.000000000000;2.000000000000;4.000000000000;0.000000000000;5.000000000000;5.000000000000;5.000000000000;5.000000000000;4.000000000000;4.000000000000;1.000000000000;4.000000000000;4.000000000000;4.000000000000;2.000000000000;6.000000000000;0.038666971187;0.000000000000
15.000000000000;2.000000000000;4.000000000000;0.000000000000;4.000000000000;3.000000000000;3.000000000000;4.000000000000;;4.000000000000;5.000000000000;4.000000000000;;4.000000000000;6.000000000000;4.000000000000;;
16.000000000000;2.000000000000;6.000000000000;1.000000000000;6.000000000000;7.000000000000;7.000000000000;6.000000000000;5.000000000000;;5.000000000000;4.000000000000;;3.000000000000;;5.000000000000;;
17.000000000000;2.000000000000;6.000000000000;1.000000000000;7.000000000000;6.000000000000;7.000000000000;6.000000000000;6.000000000000;6.000000000000;6.000000000000;6.000000000000;;6.000000000000;5.000000000000;6.000000000000;;
17.000000000000;2.000000000000;5.000000000000;0.000000000000;1.000000000000;1.000000000000;5.000000000000;5.000000000000;;5.000000000000;6.000000000000;6.000000000000;;;5.000000000000;6.000000000000;;
18.000000000000;2.000000000000;5.000000000000;0.000000000000;5.000000000000;5.000000000000;5.000000000000;5.000000000000;4.000000000000;5.000000000000;5.000000000000;5.000000000000;6.000000000000;4.000000000000;3.000000000000;6.000000000000;0.175247944702;0.000000000000
19.000000000000;2.000000000000;6.000000000000;1.000000000000;5.000000000000;6.000000000000;5.000000000000;6.000000000000;2.000000000000;3.000000000000;4.000000000000;5.000000000000;4.000000000000;2.000000000000;3.000000000000;5.000000000000;0.258811883652;0.000000000000
19.000000000000;2.000000000000;4.000000000000;0.000000000000;3.000000000000;5.000000000000;4.000000000000;3.000000000000;3.000000000000;3.000000000000;4.000000000000;5.000000000000;4.000000000000;3.000000000000;4.000000000000;5.000000000000;0.004564241681;0.000000000000
20.000000000000;2.000000000000;7.000000000000;1.000000000000;6.000000000000;6.000000000000;6.000000000000;6.000000000000;7.000000000000;6.000000000000;7.000000000000;5.000000000000;6.000000000000;4.000000000000;3.000000000000;6.000000000000;0.781393132729;1.000000000000
21.000000000000;2.000000000000;6.000000000000;1.000000000000;4.000000000000;4.000000000000;4.000000000000;6.000000000000;5.000000000000;6.000000000000;6.000000000000;4.000000000000;4.000000000000;5.000000000000;3.000000000000;;;
21.000000000000;2.000000000000;4.000000000000;0.000000000000;4.000000000000;4.000000000000;4.000000000000;4.000000000000;4.000000000000;6.000000000000;;4.000000000000;4.000000000000;3.000000000000;5.000000000000;5.000000000000;;
22.000000000000;2.000000000000;6.000000000000;1.000000000000;6.000000000000;7.000000000000;7.000000000000;6.000000000000;6.000000000000;7.000000000000;6.000000000000;6.000000000000;5.000000000000;6.000000000000;6.000000000000;7.000000000000;0.972501774030;1.000000000000
23.000000000000;2.000000000000;7.000000000000;1.000000000000;6.000000000000;7.000000000000;7.000000000000;7.000000000000;6.000000000000;6.000000000000;;5.000000000000;5.000000000000;;4.000000000000;7.000000000000;;
23.000000000000;2.000000000000;7.000000000000;1.000000000000;6.000000000000;7.000000000000;7.000000000000;7.000000000000;7.000000000000;6.000000000000;;4.000000000000;5.000000000000;;7.000000000000;;;
24.000000000000;2.000000000000;6.000000000000;1.000000000000;5.000000000000;6.000000000000;6.000000000000;6.000000000000;4.000000000000;4.000000000000;4.000000000000;4.000000000000;5.000000000000;3.000000000000;;6.000000000000;;
25.000000000000;2.000000000000;4.000000000000;0.000000000000;3.000000000000;2.000000000000;3.000000000000;3.000000000000;5.000000000000;6.000000000000;4.000000000000;5.000000000000;3.000000000000;3.000000000000;4.000000000000;5.000000000000;0.016258789131;0.000000000000
26.000000000000;2.000000000000;6.000000000000;1.000000000000;7.000000000000;7.000000000000;7.000000000000;6.000000000000;5.000000000000;6.000000000000;7.000000000000;;5.000000000000;6.000000000000;6.000000000000;7.000000000000;;
26.000000000000;2.000000000000;4.000000000000;0.000000000000;3.000000000000;1.000000000000;2.000000000000;1.000000000000;5.000000000000;6.000000000000;5.000000000000;;5.000000000000;3.000000000000;6.000000000000;5.000000000000;;
27.000000000000;2.000000000000;2.000000000000;0.000000000000;6.000000000000;2.000000000000;1.000000000000;2.000000000000;1.000000000000;5.000000000000;;4.000000000000;3.000000000000;3.000000000000;4.000000000000;5.000000000000;;
27.000000000000;2.000000000000;5.000000000000;0.000000000000;3.000000000000;6.000000000000;3.000000000000;5.000000000000;5.000000000000;5.000000000000;;5.000000000000;5.000000000000;5.000000000000;4.000000000000;5.000000000000;;
28.000000000000;2.000000000000;6.000000000000;1.000000000000;6.000000000000;6.000000000000;6.000000000000;5.000000000000;6.000000000000;6.000000000000;4.000000000000;5.000000000000;7.000000000000;5.000000000000;5.000000000000;5.000000000000;0.294312662009;0.000000000000
29.000000000000;2.000000000000;5.000000000000;0.000000000000;4.000000000000;4.000000000000;3.000000000000;5.000000000000;3.000000000000;3.000000000000;5.000000000000;4.000000000000;5.000000000000;3.000000000000;5.000000000000;4.000000000000;0.029905992294;0.000000000000
29.000000000000;2.000000000000;6.000000000000;1.000000000000;6.000000000000;6.000000000000;6.000000000000;6.000000000000;5.000000000000;5.000000000000;6.000000000000;5.000000000000;5.000000000000;4.000000000000;5.000000000000;5.000000000000;0.667429713166;1.000000000000
30.000000000000;2.000000000000;6.000000000000;1.000000000000;6.000000000000;6.000000000000;6.000000000000;6.000000000000;4.000000000000;4.000000000000;5.000000000000;5.000000000000;5.000000000000;2.000000000000;3.000000000000;6.000000000000;0.527118983307;1.000000000000
30.000000000000;2.000000000000;5.000000000000;0.000000000000;4.000000000000;4.000000000000;4.000000000000;6.000000000000;4.000000000000;4.000000000000;4.000000000000;5.000000000000;5.000000000000;2.000000000000;1.000000000000;6.000000000000;0.367050224978;0.000000000000
31.000000000000;2.000000000000;4.000000000000;0.000000000000;4.000000000000;4.000000000000;5.000000000000;3.000000000000;4.000000000000;4.000000000000;4.000000000000;4.000000000000;;6.000000000000;3.000000000000;;;
31.000000000000;2.000000000000;4.000000000000;0.000000000000;4.000000000000;4.000000000000;3.000000000000;5.000000000000;4.000000000000;4.000000000000;4.000000000000;4.000000000000;;5.000000000000;5.000000000000;;;
32.000000000000;2.000000000000;3.000000000000;0.000000000000;3.000000000000;4.000000000000;2.000000000000;2.000000000000;2.000000000000;;7.000000000000;;;1.000000000000;5.000000000000;3.000000000000;;
32.000000000000;2.000000000000;2.000000000000;0.000000000000;1.000000000000;2.000000000000;2.000000000000;1.000000000000;1.000000000000;;7.000000000000;;;1.000000000000;1.000000000000;5.000000000000;;
33.000000000000;2.000000000000;6.000000000000;1.000000000000;6.000000000000;6.000000000000;5.000000000000;6.000000000000;5.000000000000;5.000000000000;4.000000000000;3.000000000000;;1.000000000000;;4.000000000000;;
33.000000000000;2.000000000000;5.000000000000;0.000000000000;5.000000000000;3.000000000000;5.000000000000;6.000000000000;;4.000000000000;;4.000000000000;;1.000000000000;2.000000000000;5.000000000000;;
34.000000000000;2.000000000000;5.000000000000;0.000000000000;6.000000000000;6.000000000000;5.000000000000;5.000000000000;6.000000000000;6.000000000000;3.000000000000;6.000000000000;;4.000000000000;6.000000000000;6.000000000000;;
34.000000000000;2.000000000000;6.000000000000;1.000000000000;6.000000000000;6.000000000000;6.000000000000;6.000000000000;;6.000000000000;;;;4.000000000000;4.000000000000;6.000000000000;;
35.000000000000;2.000000000000;6.000000000000;1.000000000000;7.000000000000;7.000000000000;7.000000000000;6.000000000000;5.000000000000;;;6.000000000000;;;5.000000000000;7.000000000000;;
35.000000000000;2.000000000000;5.000000000000;0.000000000000;5.000000000000;7.000000000000;5.000000000000;5.000000000000;6.000000000000;;;6.000000000000;;;6.000000000000;7.000000000000;;
36.000000000000;2.000000000000;7.000000000000;1.000000000000;7.000000000000;7.000000000000;7.000000000000;6.000000000000;;;;;5.000000000000;3.000000000000;;;;
36.000000000000;2.000000000000;5.000000000000;0.000000000000;3.000000000000;3.000000000000;4.000000000000;;;;;;;;;;;
37.000000000000;2.000000000000;7.000000000000;1.000000000000;5.000000000000;7.000000000000;7.000000000000;7.000000000000;6.000000000000;7.000000000000;7.000000000000;7.000000000000;;6.000000000000;4.000000000000;7.000000000000;;
38.000000000000;2.000000000000;7.000000000000;1.000000000000;7.000000000000;7.000000000000;7.000000000000;7.000000000000;6.000000000000;5.000000000000;6.000000000000;5.000000000000;6.000000000000;5.000000000000;6.000000000000;6.000000000000;0.959223746868;1.000000000000
38.000000000000;2.000000000000;6.000000000000;1.000000000000;6.000000000000;6.000000000000;6.000000000000;;6.000000000000;5.000000000000;6.000000000000;5.000000000000;6.000000000000;5.000000000000;6.000000000000;6.000000000000;;
39.000000000000;2.000000000000;5.000000000000;0.000000000000;5.000000000000;4.000000000000;5.000000000000;5.000000000000;5.000000000000;6.000000000000;5.000000000000;4.000000000000;5.000000000000;6.000000000000;5.000000000000;7.000000000000;0.235856269301;0.000000000000
40.000000000000;2.000000000000;5.000000000000;0.000000000000;4.000000000000;5.000000000000;5.000000000000;5.000000000000;5.000000000000;5.000000000000;6.000000000000;5.000000000000;5.000000000000;5.000000000000;5.000000000000;6.000000000000;0.367664074949;0.000000000000
40.000000000000;2.000000000000;5.000000000000;0.000000000000;4.000000000000;5.000000000000;5.000000000000;5.000000000000;5.000000000000;5.000000000000;6.000000000000;5.000000000000;5.000000000000;5.000000000000;5.000000000000;6.000000000000;0.367664074949;0.000000000000
41.000000000000;2.000000000000;5.000000000000;0.000000000000;6.000000000000;6.000000000000;6.000000000000;6.000000000000;5.000000000000;5.000000000000;5.000000000000;5.000000000000;;4.000000000000;4.000000000000;5.000000000000;;
42.000000000000;2.000000000000;5.000000000000;0.000000000000;6.000000000000;6.000000000000;5.000000000000;6.000000000000;5.000000000000;6.000000000000;5.000000000000;4.000000000000;4.000000000000;6.000000000000;5.000000000000;5.000000000000;0.423097195534;0.000000000000
42.000000000000;2.000000000000;4.000000000000;0.000000000000;4.000000000000;3.000000000000;2.000000000000;5.000000000000;;4.000000000000;;;5.000000000000;;5.000000000000;5.000000000000;;
43.000000000000;2.000000000000;7.000000000000;1.000000000000;6.000000000000;7.000000000000;7.000000000000;7.000000000000;;7.000000000000;7.000000000000;2.000000000000;;7.000000000000;7.000000000000;7.000000000000;;
44.000000000000;2.000000000000;5.000000000000;0.000000000000;6.000000000000;6.000000000000;5.000000000000;5.000000000000;2.000000000000;6.000000000000;3.000000000000;5.000000000000;6.000000000000;6.000000000000;2.000000000000;;;
44.000000000000;2.000000000000;3.000000000000;0.000000000000;1.000000000000;1.000000000000;1.000000000000;1.000000000000;;;;;;2.000000000000;;;;
45.000000000000;2.000000000000;6.000000000000;1.000000000000;4.000000000000;4.000000000000;6.000000000000;5.000000000000;6.000000000000;6.000000000000;7.000000000000;6.000000000000;6.000000000000;7.000000000000;5.000000000000;7.000000000000;0.794813039833;1.000000000000
45.000000000000;2.000000000000;4.000000000000;0.000000000000;4.000000000000;4.000000000000;4.000000000000;;;6.000000000000;7.000000000000;6.000000000000;;5.000000000000;6.000000000000;6.000000000000;;
46.000000000000;2.000000000000;6.000000000000;1.000000000000;6.000000000000;6.000000000000;7.000000000000;5.000000000000;5.000000000000;;5.000000000000;6.000000000000;5.000000000000;5.000000000000;4.000000000000;6.000000000000;;
46.000000000000;2.000000000000;6.000000000000;1.000000000000;6.000000000000;6.000000000000;7.000000000000;5.000000000000;5.000000000000;;5.000000000000;5.000000000000;5.000000000000;5.000000000000;5.000000000000;6.000000000000;;
47.000000000000;2.000000000000;6.000000000000;1.000000000000;6.000000000000;7.000000000000;6.000000000000;6.000000000000;2.000000000000;7.000000000000;4.000000000000;5.000000000000;4.000000000000;1.000000000000;3.000000000000;7.000000000000;0.658166490399;1.000000000000
47.000000000000;2.000000000000;5.000000000000;0.000000000000;6.000000000000;5.000000000000;6.000000000000;5.000000000000;;;;;;;;;;
48.000000000000;2.000000000000;7.000000000000;1.000000000000;7.000000000000;7.000000000000;7.000000000000;6.000000000000;6.000000000000;5.000000000000;6.000000000000;5.000000000000;5.000000000000;6.000000000000;6.000000000000;6.000000000000;0.832321169214;1.000000000000
48.000000000000;2.000000000000;5.000000000000;0.000000000000;5.000000000000;5.000000000000;5.000000000000;6.000000000000;4.000000000000;4.000000000000;4.000000000000;5.000000000000;5.000000000000;4.000000000000;6.000000000000;5.000000000000;0.590100402027;1.000000000000
49.000000000000;2.000000000000;6.000000000000;1.000000000000;7.000000000000;7.000000000000;7.000000000000;7.000000000000;5.000000000000;;7.000000000000;5.000000000000;;5.000000000000;3.000000000000;6.000000000000;;
50.000000000000;2.000000000000;6.000000000000;1.000000000000;4.000000000000;4.000000000000;5.000000000000;5.000000000000;5.000000000000;5.000000000000;4.000000000000;5.000000000000;5.000000000000;4.000000000000;4.000000000000;5.000000000000;0.205153086959;0.000000000000
51.000000000000;2.000000000000;6.000000000000;1.000000000000;6.000000000000;6.000000000000;6.000000000000;6.000000000000;5.000000000000;4.000000000000;6.000000000000;4.000000000000;4.000000000000;3.000000000000;5.000000000000;6.000000000000;0.494274880169;0.000000000000
51.000000000000;2.000000000000;5.000000000000;0.000000000000;6.000000000000;6.000000000000;6.000000000000;5.000000000000;5.000000000000;4.000000000000;6.000000000000;4.000000000000;4.000000000000;3.000000000000;5.000000000000;6.000000000000;0.162165923612;0.000000000000
52.000000000000;2.000000000000;6.000000000000;1.000000000000;6.000000000000;6.000000000000;4.000000000000;6.000000000000;6.000000000000;7.000000000000;6.000000000000;5.000000000000;;5.000000000000;6.000000000000;6.000000000000;;
52.000000000000;2.000000000000;6.000000000000;1.000000000000;6.000000000000;6.000000000000;4.000000000000;6.000000000000;6.000000000000;7.000000000000;5.000000000000;6.000000000000;;5.000000000000;5.000000000000;6.000000000000;;
53.000000000000;2.000000000000;5.000000000000;0.000000000000;6.000000000000;4.000000000000;5.000000000000;6.000000000000;4.000000000000;5.000000000000;6.000000000000;4.000000000000;5.000000000000;4.000000000000;4.000000000000;6.000000000000;0.357510235725;0.000000000000
53.000000000000;2.000000000000;6.000000000000;1.000000000000;7.000000000000;6.000000000000;6.000000000000;7.000000000000;6.000000000000;5.000000000000;4.000000000000;4.000000000000;5.000000000000;4.000000000000;4.000000000000;6.000000000000;0.813454944818;1.000000000000
54.000000000000;2.000000000000;5.000000000000;0.000000000000;6.000000000000;6.000000000000;5.000000000000;4.000000000000;5.000000000000;;5.000000000000;4.000000000000;4.000000000000;4.000000000000;4.000000000000;5.000000000000;;
54.000000000000;2.000000000000;3.000000000000;0.000000000000;4.000000000000;3.000000000000;2.000000000000;2.000000000000;3.000000000000;;;3.000000000000;3.000000000000;4.000000000000;4.000000000000;4.000000000000;;
55.000000000000;2.000000000000;7.000000000000;1.000000000000;7.000000000000;7.000000000000;7.000000000000;6.000000000000;6.000000000000;6.000000000000;5.000000000000;6.000000000000;6.000000000000;6.000000000000;5.000000000000;6.000000000000;0.920787809985;1.000000000000
55.000000000000;2.000000000000;5.000000000000;0.000000000000;4.000000000000;4.000000000000;4.000000000000;4.000000000000;5.000000000000;4.000000000000;5.000000000000;5.000000000000;5.000000000000;3.000000000000;5.000000000000;5.000000000000;0.060089402372;0.000000000000
56.000000000000;2.000000000000;5.000000000000;0.000000000000;4.000000000000;3.000000000000;4.000000000000;5.000000000000;1.000000000000;4.000000000000;3.000000000000;4.000000000000;4.000000000000;1.000000000000;3.000000000000;5.000000000000;0.019482547157;0.000000000000
56.000000000000;2.000000000000;6.000000000000;1.000000000000;4.000000000000;5.000000000000;4.000000000000;;;5.000000000000;3.000000000000;;;;;5.000000000000;;
57.000000000000;2.000000000000;6.000000000000;1.000000000000;5.000000000000;3.000000000000;6.000000000000;6.000000000000;6.000000000000;4.000000000000;5.000000000000;5.000000000000;7.000000000000;6.000000000000;6.000000000000;6.000000000000;0.749940877947;1.000000000000
57.000000000000;2.000000000000;5.000000000000;0.000000000000;5.000000000000;5.000000000000;6.000000000000;;6.000000000000;4.000000000000;5.000000000000;5.000000000000;7.000000000000;6.000000000000;;6.000000000000;;
58.000000000000;2.000000000000;6.000000000000;1.000000000000;6.000000000000;4.000000000000;6.000000000000;6.000000000000;1.000000000000;;5.000000000000;5.000000000000;4.000000000000;2.000000000000;4.000000000000;5.000000000000;;
58.000000000000;2.000000000000;6.000000000000;1.000000000000;6.000000000000;6.000000000000;6.000000000000;6.000000000000;5.000000000000;;5.000000000000;5.000000000000;;6.000000000000;;5.000000000000;;
59.000000000000;2.000000000000;6.000000000000;1.000000000000;6.000000000000;6.000000000000;6.000000000000;6.000000000000;3.000000000000;7.000000000000;4.000000000000;7.000000000000;6.000000000000;;;;;
59.000000000000;2.000000000000;6.000000000000;1.000000000000;3.000000000000;6.000000000000;6.000000000000;4.000000000000;5.000000000000;7.000000000000;4.000000000000;7.000000000000;6.000000000000;;;;;
60.000000000000;2.000000000000;3.000000000000;0.000000000000;5.000000000000;5.000000000000;6.000000000000;4.000000000000;2.000000000000;;;;4.000000000000;1.000000000000;;;;
61.000000000000;2.000000000000;4.000000000000;0.000000000000;5.000000000000;6.000000000000;6.000000000000;6.000000000000;3.000000000000;3.000000000000;5.000000000000;5.000000000000;3.000000000000;3.000000000000;3.000000000000;;;
;;;;;;;;;;;;;;;;;
;;;;;;;;;;;;;;;;;
;;;;;;;;;;;;;;;;;
;;;;;;;;;;;;;;;;;
;;;;;;;;;;;;;;;;;
;;;;;;;;;;;;;;;;;
;;;;;;;;;;;;;;;;;
;;;;;;;;;;;;;;;;;
;;;;;;;;;;;;;;;;;
;;;;;;;;;;;;;;;;;
;;;;;;;;;;;;;;;;;
;;;;;;;;;;;;;;;;;
;;;;;;;;;;;;;;;;;
;;;;;;;;;;;;;;;;;
;;;;;;;;;;;;;;;;;
;;;;;;;;;;;;;;;;;
;;;;;;;;;;;;;;;;;
;;;;;;;;;;;;;;;;;
;;;;;;;;;;;;;;;;;
;;;;;;;;;;;;;;;;;
;;;;;;;;;;;;;;;;;
;;;;;;;;;;;;;;;;;
;;;;;;;;;;;;;;;;;
;;;;;;;;;;;;;;;;;
;;;;;;;;;;;;;;;;;
;;;;;;;;;;;;;;;;;
;;;;;;;;;;;;;;;;;
;;;;;;;;;;;;;;;;;
;;;;;;;;;;;;;;;;;
;;;;;;;;;;;;;;;;;
;;;;;;;;;;;;;;;;;
;;;;;;;;;;;;;;;;;
;;;;;;;;;;;;;;;;;
;;;;;;;;;;;;;;;;;
;;;;;;;;;;;;;;;;;
;;;;;;;;;;;;;;;;;
